			5820,
			6310,
			8680,
			5690,
			6430,
			6940,
			7910,
			11120,
			7410,
			6440,
			5660,
			8460,
			5790,
			9170,
			6210,
			9820,
			9130,
			3990,
			8010,
			13370,
			7420,
			9860,
			10100,
			8000,
			9940,
			12570,
			5780,
			6470,
			16880,
			7130,
			9030,
			13910,
			1700,
			1100,
			1700,
			960,
			1940,
			1770,
			2710,
			1350,
			2750,
			2830,
			2290,
			1860,
			2740,
			6770,
			1270,
			3640,
			5460,
			5410,
			1480,
			6600,
			4790,
			7390,
			3980,
			9490,
			12870,
			10180,
			10120,
			15470,
			14580,
			15920,
			3280,
			7120,
			5840,
			1600,
			2520,
			3200,
			3060,
			1650,
			12680,
			4330,
			14580,
			1280,
			2220,
			1530,
			5920,
			1330,
			5160,
			4020,
			0,
			1990,
			4050,
			1500,
			0,
			2380,
			3670,
			7300,
			3770,
			4900,
			4980,
			1630,
			2980,
			3610,
			3670,
			2280,
			1960,
			2020,
			2020,
			1870,
			710,
			920,
			1170,
			1100,
			1090,
			1030,
			1040,
			1020,
			1010,
			1790,
			1010,
			1490,
			3600,
			2120,
			3210,
			1620,
			1430,
			1790,
			2860,
			2360,
			2370,
			2230,
			2100,
			2930,
			1420,
			2140,
			4900,
			2820,
			3960,
			3020,
			2480,
			2950,
			1640,
			1600,
			5920,
			2310,
			2070,
			3600,
			2140,
			2700,
			3810,
			4510,
			3560,
			5760,
			6670,
			2420,
			4690,
			2330,
			2710,
			7150,
			2110,
			5860,
			1520,
			3320,
			3910,
			1320,
			2990,
			2900,
			3720,
			2560,
			6540,
			1410,
			1700,
			4730,
			0,
			0,
			3920,
			1890,
			2140,
			1850,
			1510,
			1010,
			1250,
			1310,
			1030,
			2470,
			2060,
			1280,
			2410,
			2910,
			5000,
			1630,
			2700,
			1800,
			1600,
			5250,
			2570,
