			4510,
			7000,
			9990,
			12830,
			6080,
			5230,
			8010,
			2520,
			13390,
			4840,
			5500,
			5210,
			4690,
			7200,
			6840,
			6610,
			7150,
			9360,
			6660,
			9320,
			6040,
			7370,
			9730,
			14270,
			6830,
			6490,
			3860,
			10360,
			12100,
			5080,
			4710,
			10340,
			1420,
			1250,
			2270,
			1130,
			2330,
			1840,
			1450,
			1590,
			1860,
			1870,
			1140,
			2150,
			1760,
			6040,
			2270,
			3210,
			3930,
			5090,
			2250,
			6270,
			5240,
			4790,
			3310,
			4040,
			7010,
			8360,
			8140,
			12690,
			7230,
			4050,
			4460,
			3760,
			5330,
			1800,
			2600,
			2390,
			3780,
			1340,
			1440,
			3340,
			10320,
			1040,
			2140,
			1910,
			6210,
			1310,
			3990,
			3320,
			1920,
			1920,
			2230,
			2000,
			0,
			3280,
			4730,
			4450,
			3690,
			5650,
			5160,
			3160,
			6040,
			2700,
			4360,
			2480,
			1860,
			2170,
			1660,
			1610,
			2000,
			780,
			930,
			680,
			650,
			760,
			730,
			800,
			950,
			1370,
			1370,
			1160,
			2080,
			1640,
			1710,
			2480,
			1720,
			1070,
			1800,
			1120,
			1120,
			2380,
			1660,
			1580,
			1460,
			1880,
			3370,
			1630,
			3890,
			3270,
			2430,
			3650,
			2440,
			1280,
			4860,
			2170,
			2040,
			2810,
			1930,
			3350,
			2250,
			4030,
			3730,
			4590,
			6380,
			1530,
			2380,
			1980,
			5110,
			7150,
			1780,
			5020,
			1450,
			2970,
			3320,
			1330,
			2420,
			3290,
			3490,
			2210,
			1690,
			1140,
			1410,
			4980,
			2090,
			1500,
			2340,
			1680,
			1910,
			2040,
			1250,
			1030,
			1140,
			1160,
			1000,
			1930,
			1630,
			1090,
			2030,
			2210,
			3960,
			1410,
			1890,
			1300,
			1890,
			4510,
			2800,
