			4800,
			7040,
			4710,
			11690,
			5540,
			5750,
			4410,
			5930,
			12930,
			3390,
			5390,
			8450,
			4020,
			11620,
			7590,
			7040,
			4970,
			8590,
			3620,
			9800,
			9830,
			9260,
			13980,
			9250,
			6460,
			7770,
			10710,
			10250,
			8660,
			13340,
			6130,
			14240,
			1150,
			1230,
			1180,
			830,
			1820,
			1880,
			2710,
			1590,
			2660,
			2350,
			3330,
			2890,
			2880,
			5100,
			1440,
			3250,
			6040,
			9650,
			9650,
			17430,
			5440,
			10350,
			3610,
			9510,
			16240,
			13890,
			7760,
			12020,
			6890,
			7690,
			3690,
			9670,
			4210,
			1470,
			3480,
			3520,
			4540,
			1640,
			11450,
			3010,
			17550,
			1150,
			2110,
			1850,
			8710,
			1320,
			9130,
			4910,
			2890,
			2890,
			2890,
			3370,
			2890,
			3010,
			4570,
			5460,
			3740,
			5750,
			6210,
			2190,
			5240,
			1920,
			4280,
			2580,
			2920,
			4440,
			1840,
			2110,
			790,
			1020,
			1170,
			1000,
			1460,
			1100,
			1170,
			1310,
			1390,
			1660,
			1660,
			1560,
			2780,
			2760,
			1360,
			1780,
			1840,
			3610,
			2980,
			1960,
			2390,
			3240,
			2380,
			1800,
			2320,
			2050,
			6930,
			2450,
			4300,
			2470,
			2450,
			2620,
			2440,
			2590,
			9550,
			2420,
			2390,
			3250,
			2480,
			3150,
			4220,
			3640,
			3610,
			1890,
			4330,
			2140,
			3070,
			4090,
			4090,
			7150,
			1930,
			6110,
			2720,
			4360,
			4640,
			1920,
			2620,
			3520,
			3710,
			3210,
			5330,
			5330,
			1620,
			8000,
			3330,
			1580,
			2450,
			1640,
			2750,
			3030,
			1390,
			1630,
			1600,
			1580,
			1350,
			3350,
			2030,
			2730,
			2900,
			3010,
			4340,
			1710,
			2410,
			1960,
			2110,
			4770,
			4440,
