			6500,
			12400,
			12860,
			4000,
			12590,
			7970,
			12400,
			9480,
			4840,
			4350,
			4150,
			4800,
			11600,
			13270,
			10340,
			10740,
			6300,
			17720,
			7430,
			11090,
			9170,
			10070,
			5840,
			9610,
			9100,
			11810,
			16050,
			7090,
			16930,
			8540,
			12430,
			15630,
			1160,
			1240,
			1610,
			1400,
			1650,
			1850,
			5750,
			1210,
			6220,
			1560,
			2010,
			3750,
			4000,
			3990,
			1370,
			2040,
			6370,
			2700,
			5290,
			8790,
			4960,
			10040,
			4120,
			10600,
			8860,
			10130,
			9160,
			22040,
			7450,
			12040,
			7450,
			4910,
			7800,
			3410,
			11280,
			4170,
			4020,
			1010,
			2730,
			3340,
			10910,
			1300,
			2200,
			1240,
			7140,
			4010,
			15700,
			2410,
			0,
			3070,
			0,
			0,
			8470,
			8150,
			13810,
			10250,
			3980,
			8450,
			6400,
			4330,
			7220,
			5370,
			5670,
			2820,
			3050,
			5060,
			2530,
			2290,
			1100,
			1770,
			1690,
			1820,
			1450,
			1460,
			1060,
			1820,
			1590,
			2770,
			1490,
			2400,
			2510,
			2920,
			3270,
			3990,
			3150,
			2730,
			3350,
			3820,
			2520,
			2670,
			1940,
			2580,
			2420,
			2850,
			8460,
			2170,
			6260,
			5480,
			5170,
			3880,
			3980,
			3510,
			5150,
			3160,
			2600,
			5820,
			2660,
			7910,
			6220,
			5840,
			6050,
			8260,
			12680,
			1900,
			7620,
			3990,
			5790,
			9580,
			2290,
			6920,
			1940,
			4640,
			5170,
			1810,
			2990,
			3640,
			4420,
			4220,
			12120,
			1580,
			1730,
			6370,
			0,
			0,
			2040,
			1930,
			3100,
			4010,
			2080,
			1370,
			1730,
			1660,
			1830,
			2710,
			2290,
			3450,
			3030,
			2790,
			4590,
			2430,
			2850,
			2110,
			2420,
			7710,
			4700,
