			9510,
			9160,
			11250,
			6890,
			5370,
			8580,
			7390,
			7690,
			8230,
			6980,
			4040,
			6790,
			2540,
			5220,
			13540,
			14180,
			6880,
			13680,
			3710,
			9580,
			6520,
			9360,
			10450,
			7270,
			10160,
			4390,
			8420,
			9540,
			12780,
			10760,
			4630,
			22380,
			1080,
			1140,
			1140,
			1080,
			1170,
			2250,
			6480,
			1190,
			1990,
			2000,
			4990,
			2370,
			2420,
			5740,
			5740,
			3360,
			6530,
			4660,
			3690,
			10140,
			7300,
			6850,
			2510,
			6530,
			18020,
			10110,
			6910,
			15530,
			15530,
			6410,
			10340,
			4060,
			7880,
			1480,
			1320,
			4630,
			3530,
			1090,
			4770,
			1120,
			15790,
			1190,
			2010,
			900,
			7680,
			1660,
			1840,
			2270,
			5970,
			0,
			5970,
			2510,
			0,
			4020,
			4240,
			11330,
			3530,
			5500,
			5810,
			3460,
			2380,
			4250,
			3340,
			2530,
			2560,
			5300,
			2010,
			2500,
			860,
			940,
			1210,
			1100,
			1040,
			890,
			950,
			940,
			1160,
			2540,
			930,
			2300,
			2930,
			2580,
			2550,
			3100,
			2310,
			2030,
			1560,
			1560,
			1910,
			1690,
			2010,
			2870,
			1010,
			2850,
			5000,
			2710,
			4800,
			4000,
			2180,
			4060,
			1120,
			2410,
			5000,
			2720,
			2090,
			2180,
			1670,
			3050,
			2350,
			4220,
			6770,
			25050,
			7050,
			1310,
			5030,
			3530,
			3570,
			6460,
			1910,
			5990,
			1960,
			3490,
			4050,
			1500,
			1980,
			3390,
			4820,
			2000,
			4010,
			1000,
			1000,
			4910,
			0,
			0,
			2090,
			1160,
			2150,
			2070,
			1390,
			1370,
			1420,
			2280,
			1380,
			2960,
			2090,
			2790,
			2210,
			4130,
			4230,
			1660,
			2340,
			1710,
			1660,
			5180,
			5470,
