			5740,
			7030,
			8110,
			6550,
			10600,
			10720,
			10020,
			14160,
			13550,
			7170,
			7170,
			10670,
			5820,
			8390,
			11480,
			10840,
			6560,
			10930,
			7900,
			8780,
			6970,
			12130,
			11780,
			11000,
			10610,
			9240,
			6880,
			6060,
			10810,
			11260,
			9060,
			20280,
			1580,
			1520,
			1640,
			1680,
			2240,
			2370,
			3290,
			1760,
			3780,
			1540,
			1760,
			2650,
			3390,
			4180,
			2200,
			2470,
			10100,
			8450,
			7210,
			8630,
			7610,
			5040,
			5680,
			10650,
			10300,
			13800,
			13350,
			18140,
			9810,
			13900,
			8420,
			8770,
			13150,
			1560,
			4400,
			6900,
			5810,
			1150,
			15480,
			3750,
			11200,
			1150,
			2980,
			980,
			9290,
			1700,
			2050,
			0,
			3130,
			2860,
			0,
			4360,
			0,
			4260,
			3950,
			7260,
			3410,
			7190,
			5470,
			2600,
			3340,
			4310,
			7010,
			2730,
			3450,
			1900,
			2230,
			1670,
			1320,
			1250,
			1300,
			1630,
			1400,
			1260,
			1140,
			1380,
			1820,
			2450,
			1370,
			2490,
			3920,
			2620,
			2540,
			1960,
			2150,
			1850,
			3170,
			4940,
			2600,
			2630,
			2690,
			2510,
			1760,
			3520,
			3670,
			1200,
			4880,
			5060,
			5060,
			4400,
			2100,
			3540,
			4440,
			3080,
			2020,
			5160,
			2450,
			1990,
			7180,
			3820,
			3840,
			4660,
			6200,
			2350,
			2680,
			3250,
			3880,
			7150,
			1800,
			6040,
			1810,
			3620,
			3880,
			1590,
			2830,
			3310,
			3720,
			2480,
			4200,
			1450,
			1600,
			5820,
			0,
			0,
			2600,
			2180,
			2750,
			2550,
			1990,
			1470,
			1870,
			1360,
			1480,
			2910,
			1720,
			2280,
			2850,
			2860,
			3800,
			1640,
			2590,
			2400,
			2780,
			4470,
			4230,
